order	HKBea1Aug	HKBea1Feb	HKBea1May	HKBea1Nov	HKBea2Aug	HKBea2Feb	HKBea2May	HKBea2Nov	HKBea3Aug	HKBea3Feb	HKBea3May	HKBea3Nov	HKSta1Aug	HKSta1Feb	HKSta1May	HKSta1Nov	HKSta2Aug	HKSta2Feb	HKSta2May	HKSta2Nov	HKSta3Aug	HKSta3Feb	HKSta3May	HKSta3Nov	HKSW1Aug	HKSW1Feb	HKSW1May	HKSW1Nov	HKSW2Aug	HKSW2Feb	HKSW2May	HKSW2Nov	HKSW3Aug	HKSW3Feb	HKSW3May	HKSW3Nov	LTCC1Aug	LTCC1Feb	LTCC1May	LTCC1Nov	LTCC2Aug	LTCC2Feb	LTCC2May	LTCC2Nov	LTCC3Aug	LTCC3Feb	LTCC3May	LTCC3Nov	LTCMW1Aug	LTCMW1Feb	LTCMW1May	LTCMW1Nov	LTCMW2Aug	LTCMW2Feb	LTCMW2May	LTCMW2Nov	LTCMW3Aug	LTCMW3Feb	LTCMW3May	LTCMW3Nov	LTPC1Aug	LTPC1Feb	LTPC1May	LTPC1Nov	LTPC2Aug	LTPC2May	LTPC2Nov	LTPC3Aug	LTPC3Feb	LTPC3May	LTPC3Nov	SKBlu1Aug	SKBlu1Feb	SKBlu1May	SKBlu1Nov	SKBlu2Aug	SKBlu2Feb	SKBlu2May	SKBlu2Nov	SKBlu3Aug	SKBlu3Feb	SKBlu3May	SKBlu3Nov	SKLKW1Aug	SKLKW1Feb	SKLKW1May	SKLKW1Nov	SKLKW2Aug	SKLKW2Feb	SKLKW2May	SKLKW2Nov	SKLKW3Aug	SKLKW3Feb	SKLKW3May	SKLKW3Nov	SKSha1Aug	SKSha1Feb	SKSha1May	SKSha1Nov	SKSha2Aug	SKSha2Feb	SKSha2May	SKSha2Nov	SKSha3Aug	SKSha3Feb	SKSha3May	SKSha3Nov
Acanthuriformes	31735	14271	1010	4206	19248	6495	2611	314	22654	10177	666	6228	34254	14196	9914	3431	29236	15795	38477	9777	43983	5742	6149	10543	18028	12247	128	9612	8812	28475	682	21832	22926	9633	7612	29139	23739	7128	6484	47826	34572	5872	21885	28233	33634	5325	9466	18642	8586	3980	4743	25	5068	2896	3845	1350	31799	3423	6043	9993	15207	7923	19512	39259	32258	12100	25915	23830	17048	15120	20	117	6117	10530	29559	7825	8348	10799	17308	4492	2422	16562	13954	2729	6158	3243	778	6554	11132	16646	2311	15841	13450	6631	20085	1372	2135	8778	7	42	4700	7085	13	2783	1330	23874	28367
Acropomatiformes	0	0	0	0	7	0	0	0	0	0	0	6	0	2	0	12	0	0	0	0	0	0	0	6	0	0	0	0	0	0	0	0	0	0	0	0	0	0	0	0	0	0	0	0	0	0	0	0	0	0	0	0	0	0	0	0	0	0	0	0	0	0	0	0	0	452	1	0	0	0	0	0	0	14	0	0	0	0	0	0	0	0	0	0	0	0	0	0	0	0	0	0	0	0	0	0	0	0	0	0	0	0	0	0	0	0	0
Anguilliformes	0	1400	0	0	0	3	0	0	3275	13	0	0	0	0	1	0	1	11	0	0	0	0	0	0	0	6	0	0	0	8	0	0	0	0	0	0	8	0	0	0	0	0	0	0	0	0	0	0	0	0	0	0	0	0	0	0	0	0	0	0	1	0	0	0	0	0	0	5	0	122	0	3	0	0	0	8	0	15	0	0	0	15	0	7	0	72	0	2260	0	64	0	6	0	2698	0	0	0	817	1	0	0	0	0	0	0	0	0
Atheriniformes	225	48	14524	0	366	2205	93	0	31	10312	15	6755	3752	1376	66	1012	1029	862	558	0	117	57	2291	369	484	1039	0	7	80	89	4535	2200	217	7	24	235	289	155	10	0	16	14	897	0	1568	468	5	4874	1210	29	1138	1	2041	152	225	0	2566	88	50	285	1053	4	27	168	125	2446	62	279	265	193	0	5	4048	1659	909	1679	12948	2528	453	0	64	120	49	16	562	55	184	10	96	267	7438	16	280	59	3429	221	80	4350	0	0	266	72	1	399	208	335	7110
Blenniiformes	77	664	5510	0	128	129	12933	0	3531	464	0	130	3323	1813	1745	2450	871	5097	112	0	101	0	56	71	3230	222	0	0	1815	6874	27	1401	105	125	4	104	135	4104	250	0	5	5919	136	10	399	2110	3505	62	22	891	231	2	14	763	333	869	119	571	77	340	1082	7940	3585	4515	54	2862	26	44	803	1602	0	3	3033	267	25	175	249	7	24	2	783	13	0	2	5932	72	315	1901	2514	84	13443	5	7267	543	7561	671	66	24	4	1	585	45	0	0	497	259	0
Carangaria incertae sedis	4	0	247	0	33	0	174	0	0	0	4	587	6	31	94	35	1	14	157	0	848	0	92	0	7	14	0	0	37	0	1	43	14	2534	0	0	5	30	30	0	7	26	56	0	3	12	716	25	466	19	3495	0	1	19	218	0	68	1381	46	1	4043	11	56	0	81	38	0	74	17	0	0	29	0	81	353	1587	38	0	409	0	2	3	10126	8	48	3	0	10	169	1	21	17	0	0	0	0	392	0	0	0	12072	2	0	0	3403	100	58
Carangaria incertae sedis	0	0	0	0	0	0	0	0	0	0	0	0	0	0	0	0	0	0	0	0	0	0	0	0	600	0	0	0	9	0	0	0	10	0	0	0	12	0	9	0	6	0	0	0	19	0	0	0	2	0	0	0	2	0	0	0	0	0	0	0	0	0	0	166	0	0	0	0	0	5	0	42	0	0	0	0	0	0	0	0	0	0	0	0	0	0	45066	0	0	0	67	0	0	0	27	0	0	0	7	0	0	8	0	0	0	0	0
Carangiformes	1167	18	121	0	53	0	179	0	0	14	538	28	19	0	13098	57	1719	1	177	0	155	0	4701	0	294	0	0	16	1085	0	68	36	24	5952	6400	0	36	6	4	0	158	4	0	0	39	39	0	0	9	6	0	2608	5	17	2	0	1	10	0	0	4	4	0	103	0	76	0	4	18	3	0	0	1	1946	51	20	0	2	0	0	0	1	0	0	0	4	112	0	1	0	4269	0	1	2	46	0	382	0	0	0	466	25	0	682	186	257	0
Chaetodontiformes	6	17	2716	0	23	12	290	0	91	24	0	518	20	120	964	30	505	23	123	0	34	22	54	17269	2247	108	0	741	1692	153	5	508	2207	77	9	379	527	289	65	0	625	374	2	19	58	2239	1176	520	519	5232	41	0	748	1573	3	1629	36	7755	1	698	1031	12642	90	1	51	200	207	44	8688	14	0	4245	480	80	206	1029	1671	0	172	260	3321	6	7280	13	219	7	130	25	7	39	224	17	488	192	2	3	35	69	0	48	4037	15	0	892	43	166	31
Characiformes	0	0	0	0	0	0	0	0	0	0	0	0	0	0	0	0	0	0	0	0	0	1	0	0	0	0	0	0	0	0	0	0	0	0	0	0	0	46	0	0	0	0	0	0	0	0	0	0	0	0	0	0	0	0	0	0	0	0	0	0	0	0	0	0	0	0	0	0	0	0	0	0	0	0	0	0	0	0	0	0	0	0	0	0	0	0	0	0	0	0	0	3	0	0	0	123	0	0	11	0	0	0	12909	0	0	0	0
Clupeiformes	1079	27020	2185	1374	4050	12590	14424	494	0	6907	683	8697	252	11794	5983	12497	4859	3635	5047	21646	1117	12	1205	7087	3609	24607	47583	14770	9041	3956	6753	20681	4644	11991	10201	3413	15262	27205	18116	85	6849	23377	10425	16535	6024	29819	18755	13105	18040	18068	16650	34164	12354	29318	19613	19369	4298	23896	20157	14540	4250	1554	11782	601	3160	12667	7037	8535	3952	8773	48216	34879	4996	29568	10898	13420	1964	11031	11742	32128	4338	12457	4291	37151	4073	3846	555	24694	4461	5156	2747	26157	10054	3642	10623	42054	20844	619	9724	40606	19127	142	72	39985	17256	1943	8861
Cypriniformes	16	0	0	0	0	0	0	0	0	0	0	0	12	0	0	0	21	0	0	0	25	0	0	0	1	0	0	0	0	0	0	0	0	0	0	0	0	0	8	0	0	0	0	0	0	0	0	0	0	0	0	0	0	0	0	0	5	0	0	0	0	0	0	0	0	0	0	0	0	9	0	0	0	0	0	0	0	0	0	0	0	0	0	0	0	0	0	0	0	0	0	0	0	0	0	0	0	0	0	0	0	754	0	0	0	77	0
Elopiformes	0	0	0	0	0	0	0	0	0	0	0	0	0	0	0	0	0	0	0	0	0	0	0	1	0	0	0	0	0	0	0	27	0	0	0	0	0	0	0	0	0	0	2	0	0	0	0	0	0	0	0	0	0	0	0	0	0	0	1	0	0	0	0	0	0	0	0	0	0	0	0	0	0	26	228	0	0	0	198	0	0	0	8512	0	0	0	0	0	0	0	0	0	0	0	0	0	0	0	0	0	0	0	0	0	0	0	44
Ephippiformes	0	6	0	0	0	0	0	0	0	0	7	0	0	20	2	0	0	0	0	0	0	0	0	0	1	0	0	0	527	0	7	0	2	1	1740	0	5	0	0	0	0	0	3545	0	3	146	0	0	0	2	34	0	0	2	46	0	0	0	13	0	3	0	0	0	0	0	0	0	4	1	0	0	0	0	0	0	0	0	0	0	0	0	0	0	0	6	0	0	64	0	0	0	0	0	0	0	0	0	0	0	0	0	0	0	0	35	20
Eupercaria incertae sedis	1350	2	0	0	0	0	0	0	0	8	19	0	1560	0	0	0	24	3	0	0	175	0	15	0	57	0	0	0	42	1	2901	0	88	18	1541	0	16	380	6246	0	7	12	0	44	15	7	2286	0	267	18	0	0	812	1908	0	5332	454	13	0	0	2152	8	119	0	3802	0	0	119	919	12	0	0	2	0	0	0	6	3	0	0	4	11	0	0	37	2	0	0	0	78	0	0	8	0	0	2	0	0	0	0	5	402	0	2	5	293	0
Gerreiformes	176	130	8	20	290	11184	6	5	9	269	1778	1074	20	4	4	3091	7	1087	205	130	53	683	0	323	1106	673	426	0	196	348	172	291	452	22	112	6782	58	6	891	1	11	25	2	1	47	195	768	1018	25	81	39	25	9	19	214	1	10	930	1	7058	7	9	43	5	7	195	129	7	15	88	0	61	2	93	2	4434	15	38	83	1744	753	100	0	348	141	253	1	56	142	86	27	79	48	400	0	4	7	0	0	5	13	12	0	0	3	2035	0
Gobiiformes	508	152	63	0	1428	8	129	0	3441	178	16109	56	2348	90	1430	132	176	947	21	0	184	0	2485	195	3106	7492	0	9	8316	3050	3255	159	4706	12	1908	5223	427	153	155	0	1641	353	50	5	362	199	146	225	311	9	126	14	36	42	244	1562	1179	34	19	1855	10891	1474	9070	2837	5707	1356	33	2864	3578	257	0	4480	1031	788	21	3899	150	1926	128	0	83	65	0	41	115	1380	490	155	3301	497	47	321	23	1031	2452	456	28	1130	15662	0	124	2351	16884	491	24	1784	0
Gonorynchiformes	0	0	0	0	0	0	0	0	0	0	0	0	0	0	0	0	0	0	0	0	0	0	0	0	0	0	0	0	0	0	0	0	0	0	0	0	0	0	0	0	0	0	0	0	0	0	0	0	0	0	0	0	0	0	0	0	0	0	0	0	0	0	0	0	0	0	0	0	0	0	0	5	0	0	0	756	0	0	0	0	0	0	0	5	0	0	0	7	0	0	2	5	0	0	0	0	0	0	0	0	0	0	0	0	0	0	0
Kurtiformes	1461	10	29	0	31	0	63	0	2165	4	111	42	108	10	2265	1609	833	4	49	0	24	0	3521	1188	970	0	0	0	36	2	5182	196	767	2814	1091	39	103	570	5	0	7	547	1	17	133	633	4	43	6	41	0	0	5	87	42	16	93	40	0	348	6305	35	0	0	139	293	17	103	17	119	0	0	0	1062	16	0	0	35	0	0	0	25	0	0	59	73	0	0	0	8349	0	0	0	16	0	0	84	32	0	0	123	61	0	0	64	265	0
Labriformes	155	150	16780	0	1786	9	697	0	1315	351	5784	65	43	38	5876	77	528	1443	1349	0	48	0	11535	1	1299	163	0	4530	3379	110	25	2	2334	1066	2433	43	429	248	3828	0	28	7	343	6	371	972	3912	0	25	25	80	0	56	371	2169	720	4	408	17	9	24	1578	138	7	6	214	0	12	135	5538	0	26	2607	596	407	3003	257	1511	7017	4	51	351	43	201	77	32947	0	1039	400	4449	11	3485	28	6851	0	345	546	79	356	9	727	22	6	1	497	2495	3638
Lutjaniformes	272	290	54	0	0	3	10	0	829	13	0	0	10	619	885	0	4	4	9	0	17	0	5	47	2243	14	0	14	42	4	0	46	93	21	4	73	425	259	5067	0	558	383	56	0	164	795	1662	34	26	43	56	0	24	52	89	0	3070	2187	108	37	23	27	105	0	23	6	1717	99	7	29	0	0	0	0	0	0	10	1	1	5	0	0	0	0	1	0	0	0	64	5	0	0	0	0	0	5	7	2	0	1595	31	18	0	477	5	7	0
Mugiliformes	38	1890	156	0	28	8968	407	0	3274	9345	58	0	45	137	75	0	313	10198	604	0	68	5	238	26	32	1320	0	6	1	3477	6289	23	1	2969	136	71	52	3994	2696	0	0	3025	322	3	10	2410	10	25	70	13921	483	2699	0	5572	312	567	166	2866	144	13	1450	6721	38	1	1	0	655	75	8700	6624	0	24	21372	1	0	1881	22108	2138	121	0	12712	4340	0	31	11118	190	0	2374	18804	441	21	2137	16359	4356	1	2	42	23905	1	0	553	2308	1	382	3183	325	0
Ovalentaria incertae sedis	8	444	4620	0	3045	122	148	0	633	3	4	2993	35	2113	216	1101	11	10	273	0	8	8	92	15	789	55	0	8291	1651	4	16	0	1164	0	729	34	54	19	12	0	14	9	90	0	88	2	57	50	14	2	1008	0	10	0	472	0	5	1	55	15	10	0	2	95	6	563	0	1	7	28	0	1665	0	110	1	35	7	4	31	283	0	1	0	4	38	7	148	31	718	29	4335	5	0	367	17	13	101	242	4848	2	4374	325	27	211	12296	54	0
Perciformes	3227	1037	26	0	1481	2	97	0	4997	99	0	72	463	1964	425	108	896	36	81	0	724	0	3923	119	1263	9	0	2	1389	52	2	33	747	19	2	66	59	1259	113	0	13	24	7989	108	361	335	1	85	19	27	242	0	6	1320	401	2481	109	22	112	1522	5	2422	1	43	1	1930	7	1	58	6345	0	2611	1541	66	0	47	30	6795	28	2	29	51	0	1670	77	221	92	3948	342	282	3	33	18	1264	540	8	38	1373	15	741	216	32983	0	0	3320	5301	24
Pleuronectiformes	0	63	16	0	0	3	271	0	0	4611	8	0	0	0	76	0	0	36	17	0	0	0	45	0	0	7	0	0	0	287	2	0	0	229	8	0	0	866	0	0	0	464	0	0	0	1717	0	0	0	26	0	0	0	144	0	0	0	23	0	0	0	323	0	0	0	0	0	0	398	0	0	0	42	0	0	723	60	0	0	0	15493	0	0	3	277	0	0	1	0	0	5	2	42	0	0	0	11420	0	0	0	88	0	0	0	49	0	0
Scombriformes	76	0	0	0	0	0	0	0	0	0	0	0	0	0	0	0	0	0	0	0	0	0	0	0	3	0	0	5	3	0	0	0	4	0	0	0	5	0	0	0	1	0	0	0	443	0	0	0	1	0	0	0	1	0	0	0	0	0	0	0	0	0	0	0	0	0	0	0	0	128	0	0	0	0	0	0	0	2972	0	7	0	36	0	0	0	40	0	0	0	89	0	0	0	11	0	8	0	0	0	1822	0	0	0	0	0	0	0
Siluriformes	0	0	16	0	0	0	36	0	272	15	3	0	0	0	20	0	0	0	31	0	0	0	4309	0	4	0	0	1	332	0	0	0	4	528	0	0	7	0	0	0	3	1	0	0	7	1	0	0	111	0	0	0	3	15	0	0	0	1	0	0	0	1	1	0	0	0	0	0	0	0	0	0	3	0	0	0	0	0	0	0	0	0	0	0	0	0	0	0	0	0	0	0	0	0	0	0	86	385	0	0	44	0	0	1	15	2	0
Spariformes	0	4	17	0	5859	0	46	0	26	17	16	113	0	1	1931	87	0	1	58	0	0	0	22	0	260	0	0	13	9	4	3692	25	7	12	905	75	201	363	1	0	2	768	2	21	6	256	0	1	134	27	0	0	4	1177	1	4278	2	11	0	0	0	1139	0	24	0	102	0	1	3	3	0	10	1	189	5297	7	0	0	657	1650	4	0	33	2978	14	0	0	28	145	0	0	52	0	1	0	481	21	6410	17635	1912	88	1	18367	572	2572	0	22
Syngnathiformes	4497	337	21	40864	8996	6454	28	431	22	4427	14	4290	189	6505	2971	5497	3733	943	620	245	126	3039	65	639	1889	45	141	3	582	67	4405	105	2677	0	1656	1632	561	1	121	165	18	6	189	27	319	4	809	1021	32	26	1903	0	17	5	4122	1130	17	93	142	7858	7	0	11	89	38	1717	28	31	5	936	18	48	1	217	40	2021	0	1759	5200	5	0	3220	10	3045	7	1683	0	5144	3985	859	45	42	16	5403	0	701	20	0	9	1486	109	179	0	0	2320	5914	24
Tetraodontiformes	900	322	63	1731	1019	67	15558	47035	1	965	566	9578	66	5892	178	12568	199	8129	149	16441	180	38640	4332	3132	1297	189	2	10237	1911	1309	341	185	2423	4918	10155	452	1840	1084	188	11	3404	701	511	3180	2637	132	1321	4013	695	81	5225	2	7189	319	13068	25	4213	38	10270	1705	686	4393	102	144	2811	6180	3495	12071	3391	1213	26	16	2027	476	93	1995	141	324	4507	4569	347	353	10	17	298	3590	114	24	1370	1709	129	28	75	9776	3411	0	301	2	0	2	441	25	0	18	920	281	29
